48
50 27 26 8 1 0 26 21 7 27 8 44 41 29 1 3 33 10 35 1 11 35 7 26 7 27 11 10 11 2 3 2 8 35 19 5 33 21 41 2 10 19 3 21 41 29 29 19 44 33 44
50 40 33 24 35 11 5 6 5 29 33 1 38 1 35 30 35 14 40 14 27 30 30 6 50 24 1 11 17 24 33 0 27 17 40 29 17 7 31 50 38 29 14 6 7 11 27 38 50 5 7
50 14 6 10 45 42 17 8 32 17 22 8 38 22 6 22 5 40 0 40 45 32 21 17 11 10 11 14 32 6 21 21 18 5 40 1 42 5 1 42 10 34 45 14 1 38 8 11 34 38 34
50 3 39 46 9 39 15 34 3 3 5 34 25 23 50 41 23 15 46 15 7 25 48 32 45 46 31 31 39 50 5 50 48 48 9 25 45 32 32 41 23 44 41 7 0 7 5 34 31 9 45
50 7 50 28 36 7 15 37 48 28 15 8 33 0 9 2 47 12 12 8 33 14 30 14 33 37 9 36 13 2 47 7 48 31 37 50 30 9 50 28 15 31 30 48 8 2 47 14 36 31 12
50 29 39 39 37 26 19 5 47 10 3 6 47 10 3 7 12 3 5 7 16 19 37 9 5 47 16 12 29 0 39 42 9 16 49 26 7 6 19 37 12 26 29 9 49 29 49 42 6 10 42
50 4 45 36 0 3 40 49 26 36 27 8 49 40 11 26 49 8 13 40 41 11 26 8 1 36 45 5 3 19 19 45 16 16 27 3 13 41 27 4 11 1 1 13 5 41 19 4 5 4 16
50 15 27 35 8 34 31 3 20 21 34 20 10 30 31 18 48 37 16 20 30 27 15 29 37 10 35 3 16 31 21 37 27 8 8 0 15 10 21 48 18 35 48 16 18 30 3 34 35 29 29
50 42 29 48 33 40 14 30 31 7 22 20 14 22 33 37 20 29 31 33 48 49 37 7 47 47 42 20 37 7 47 14 30 49 11 22 49 44 5 30 0 44 5 48 31 5 44 11 42 29 11
50 23 38 6 34 47 20 43 38 1 6 9 23 32 34 43 14 15 15 10 0 35 49 10 8 33 14 1 15 14 8 23 1 8 33 49 9 49 35 35 38 43 34 9 33 32 32 6 47 47 10
50 22 13 13 5 20 22 32 32 14 47 47 49 12 49 32 5 7 38 6 6 17 38 49 11 20 29 22 12 17 14 29 5 14 7 38 20 6 40 47 0 7 17 48 48 48 12 29 13 11 11
50 37 11 37 13 41 11 11 9 7 28 4 8 48 4 21 4 8 48 48 32 47 8 47 9 7 22 32 22 34 47 21 3 34 13 7 28 28 9 41 13 34 3 37 22 3 0 32 46 21 41
50 47 12 1 1 10 31 6 43 6 47 45 9 1 43 2 31 45 22 12 9 22 30 13 33 10 43 31 33 13 2 24 24 10 12 33 30 24 30 47 22 47 9 23 23 6 45 0 23 2 13
50 16 39 16 29 34 44 50 10 50 47 40 10 31 47 28 24 21 21 44 24 10 36 36 36 44 29 50 0 25 18 39 34 18 15 21 18 47 40 15 31 15 29 24 34 16 31 40 25 39 25
50 46 44 26 14 49 14 21 43 2 46 49 21 44 33 40 30 0 14 35 2 43 44 30 6 20 30 12 33 6 12 12 21 20 40 40 46 42 33 42 42 35 6 35 17 26 2 49 20 26 43
50 20 28 14 14 33 11 42 40 36 11 31 33 31 28 29 1 40 29 6 42 31 36 1 28 1 20 11 0 38 5 28 20 15 6 5 5 38 40 42 14 33 6 15 38 41 15 29 41 36 41
50 31 6 40 31 29 12 2 15 16 0 38 31 34 8 38 2 34 28 40 13 13 15 8 48 6 14 12 6 10 28 40 34 13 29 16 29 8 48 2 14 12 5 28 48 5 14 16 5 38 15
50 0 26 50 19 7 50 32 37 37 12 41 14 22 30 19 37 22 26 22 30 32 43 27 12 9 47 47 43 12 9 47 50 43 18 30 32 41 27 14 9 7 27 14 41 26 7 1 19 18 18
50 50 17 48 48 30 1 30 50 2 5 17 21 33 33 26 14 0 26 9 14 26 21 2 3 11 2 30 50 1 11 17 16 12 48 9 9 3 17 12 14 21 11 12 1 5 16 16 5 33 3
50 46 7 46 7 30 27 16 43 47 49 49 1 21 13 2 34 30 33 8 7 49 16 13 39 27 16 39 47 43 46 26 1 47 0 21 43 21 2 2 39 1 26 13 33 8 33 26 8 27 30
50 30 27 9 42 4 5 5 46 2 4 4 0 48 27 1 9 13 2 16 43 33 5 43 9 27 17 48 13 17 16 42 48 30 6 42 33 30 46 43 6 2 33 6 16 13 17 46 12 1 1
50 38 28 42 15 2 38 40 37 4 15 2 34 2 42 8 4 40 1 8 28 16 26 16 37 42 34 26 1 15 24 36 28 24 24 1 40 0 16 38 26 10 36 4 36 10 34 10 37 37 8
50 25 12 24 27 27 9 10 16 21 22 22 9 22 31 1 7 12 24 25 17 0 9 1 10 48 40 37 31 37 40 16 27 14 24 10 16 14 48 48 17 12 17 14 37 25 1 7 40 31 7
50 45 13 20 25 20 7 24 30 1 30 25 10 5 10 16 14 14 16 26 1 14 15 2 19 6 2 7 2 10 6 16 13 5 5 15 19 26 13 6 25 20 24 24 7 0 26 19 30 1 15
50 28 48 29 37 6 48 42 21 34 37 19 21 12 21 9 11 22 48 37 22 25 9 42 28 11 11 19 10 6 38 12 28 34 42 25 10 0 34 38 37 25 29 29 10 9 6 19 12 38 22
50 10 21 8 3 4 43 22 20 42 40 49 26 35 20 22 10 1 37 1 43 1 26 4 35 10 4 40 8 40 43 42 50 26 8 3 35 50 20 42 49 3 22 21 21 37 49 37 50 50 0
50 37 24 39 18 35 20 27 35 7 24 6 43 38 15 6 24 43 23 4 0 23 6 7 38 20 18 39 27 20 12 2 43 23 38 4 7 27 20 2 15 2 37 35 18 39 4 12 12 37 15
50 30 47 1 29 1 49 47 19 31 15 19 16 36 30 36 31 33 11 4 38 36 23 38 17 19 11 38 1 0 23 49 15 4 21 21 17 30 15 33 49 17 23 33 16 47 21 16 31 11 4
50 35 20 25 25 26 14 33 35 36 19 26 32 14 25 41 36 45 24 36 39 33 19 47 33 20 41 41 12 50 12 45 26 19 13 45 13 47 47 0 13 20 14 32 50 24 35 50 12 24 32
50 30 26 30 15 25 0 26 36 4 25 8 11 21 31 6 6 35 49 5 36 33 21 35 14 6 30 11 36 8 14 5 35 49 5 25 26 14 31 21 49 15 31 33 15 11 6 33 8 4 4
50 22 4 15 34 4 43 46 27 18 18 27 24 4 44 22 13 44 46 11 39 24 24 13 43 23 39 43 40 25 23 34 34 23 40 0 44 15 22 25 11 40 13 35 11 27 15 46 39 18 25
50 4 23 23 13 25 47 6 4 37 6 9 15 34 34 49 37 7 7 1 47 2 9 11 2 2 6 23 12 49 12 37 12 13 47 13 4 7 1 1 11 49 34 15 9 25 47 0 15 25 11
50 47 38 47 48 9 48 12 7 41 16 10 9 19 15 50 32 16 48 7 32 15 7 12 16 41 19 12 2 32 9 5 15 38 6 5 38 6 6 11 2 11 10 11 10 5 47 2 19 41 0
50 9 3 4 32 21 4 45 4 27 9 41 41 41 30 45 43 2 13 21 2 42 27 7 42 14 40 13 27 32 0 43 42 21 45 3 13 7 14 30 14 30 7 2 3 40 43 30 40 32 9
50 5 38 0 11 12 26 48 10 5 32 10 26 19 15 36 43 10 32 47 28 43 47 44 36 15 48 47 44 43 28 15 38 23 23 32 19 12 28 44 12 11 36 5 48 26 38 11 3 23 19
50 17 15 6 38 22 0 46 38 28 17 6 49 11 35 49 11 29 28 47 15 47 6 14 46 2 35 22 17 16 11 23 23 15 14 38 14 35 28 29 49 29 16 22 6 16 47 23 2 46 2
50 36 25 19 48 36 19 47 6 31 45 31 48 10 31 30 25 27 27 34 34 19 45 8 33 9 15 9 6 7 0 15 33 10 25 15 48 6 8 10 34 7 47 45 36 8 9 33 7 47 27
50 28 33 24 7 33 30 32 32 30 14 13 29 25 28 24 13 14 12 29 44 47 25 33 12 47 7 45 24 45 13 21 2 0 32 28 2 25 14 44 45 21 12 2 33 30 44 7 47 29 21
50 4 15 4 50 19 28 11 6 41 50 32 40 15 40 41 40 43 8 25 7 50 19 8 13 6 11 25 4 43 11 7 13 15 29 32 13 41 43 28 29 0 25 19 29 28 8 41 32 6 7
50 6 0 2 6 10 9 5 7 22 31 23 13 36 31 7 50 26 36 31 6 5 13 8 21 13 2 22 10 50 1 50 9 26 1 36 23 5 8 7 10 9 22 26 23 8 21 1 2 21 2
50 10 36 24 19 10 13 13 5 20 36 6 5 30 6 13 42 30 40 44 19 8 36 6 14 30 48 24 1 40 42 1 14 8 5 19 20 44 1 48 0 8 48 10 40 20 24 44 40 42 14
50 29 43 43 19 25 27 27 15 3 15 26 35 31 19 5 13 37 25 37 25 0 5 31 6 6 29 35 5 28 19 11 27 11 26 21 31 3 3 6 11 13 43 35 15 37 29 28 26 13 28
50 13 20 20 48 16 4 6 46 4 47 20 33 0 49 13 21 47 16 43 43 10 15 48 21 16 6 45 45 49 10 13 5 45 48 15 46 5 47 21 15 6 33 46 4 13 5 33 49 43 10
50 12 14 30 45 45 10 22 49 47 7 8 46 42 12 5 23 49 8 42 22 0 40 49 23 40 15 47 7 5 10 15 15 5 12 47 22 14 30 40 8 7 30 45 46 23 42 46 14 21 10
50 45 35 10 26 23 0 12 31 10 31 12 49 33 40 11 23 3 3 33 45 33 26 17 26 5 5 12 4 10 40 13 13 6 23 11 5 40 31 11 35 35 49 3 45 49 17 17 4 4 13
50 3 20 2 6 8 31 23 21 14 2 3 18 45 48 49 15 49 31 31 0 14 3 1 6 23 45 24 13 49 1 2 21 8 23 18 6 48 45 1 15 18 48 21 24 8 14 15 24 13 13
50 43 5 34 31 43 14 45 48 31 5 31 34 5 43 48 34 5 11 5 31 43 48 10 34 23 6 23 19 34 43 43 5 43 43 5 34 43 10 31 41 37 48 48 45 43 31 34 0 48 43
50 17 47 50 42 50 50 9 24 22 24 50 29 39 47 39 50 24 33 17 46 24 24 47 47 17 17 39 39 33 50 17 4 39 47 24 15 39 17 24 3 39 24 47 46 17 24 0 24 29 24
