27217
27217
454393
27217
446169
303817
454393
674881
454393
454393
839081
839081
9
180795
674881
898505
17
21
15
102962
658769
9
82993
453977
180795
898505
785221
172817
60062
311109
20
180795
362220
9
384009
665393
547441
71930
153609
839081
384009
30
82993
674881
16
82993
180795
46
898505
629321
362220
32
362220
795991
29
10
783227
789441
795991
13
571257
898505
977329
28
674881
12
25
60062
898505
723073
338017
445564
987057
784638
102962
58121
9
784638
462941
353209
6
3711
153609
202703
292257
783227
770643
546105
996284
784638
34
40
31
202703
21
549706
789441
9
273567
904015
629321
279961
904015
201105
864785
68
895309
3
718709
629321
273567
620273
789441
359529
766017
19
901263
209841
864785
304199
122305
16
549706
292257
292257
706640
353209
629321
213767
233057
965816
805345
550935
286417
665393
757809
202703
1
62
251521
189955
18033
147809
85
431881
504275
549706
994073
45
314837
319253
125
550935
607089
52
445905
825008
91
18489
570113
79
391297
335461
138
44993
28
286417
39425
453977
749889
779137
286417
784638
913373
904015
689809
259649
133
972105
129
384009
422901
524669
375721
73
233057
608769
147809
620273
789017
292257
159
561193
79
570113
18993
168703
224991
36
805345
384009
723073
321025
453977
72
335461
176175
965816
131
462941
91
744968
9109
184977
335461
158745
913373
39
966777
304199
272929
375721
189
477193
577003
132
224817
384630
941681
392735
102041
362220
343661
72773
422901
20289
450745
392005
738639
112
300133
73
14
147809
73825
14
491937
300133
690153
5
29
209841
895309
75
273567
53
259649
163369
137
974037
987057
495121
155
517117
864447
462941
343661
192
153609
22529
59
229
849637
993979
482433
773605
743745
637902
319253
143132
893185
147305
163369
635406
961315
82
1
503017
50
234
399376
766017
42
744968
343661
145
864447
285377
197
500461
686573
665393
271
706640
913373
658769
570113
73281
20289
787713
178555
147809
571649
809577
853793
81473
490141
635406
380286
82993
439883
272929
124
9109
527745
274
722263
206
375713
268
457742
849637
925697
147809
281
812094
431881
269
284
524669
63
839081
72
83
573296
834705
327421
185277
30
537217
915809
699466
665321
172179
224817
72
207
766017
577003
339857
425857
469175
834705
96044
370540
321025
75
431881
336045
292257
977199
130
635406
65
355425
724673
202915
18993
397651
1
839081
341599
735785
277477
923407
86405
845145
26999
783105
254
868582
118
643484
749889
168001
665393
21
853793
34
520081
67969
813309
226
96044
275
931473
355425
574785
817921
737685
806217
195
370540
33
1
327421
72773
849637
263
300133
556793
443841
26999
108993
224991
834705
265011
11
455489
359
836581
836417
495121
610113
539039
615681
718106
250251
168001
933969
118
954225
370540
307
881457
158745
211
60111
443841
775520
706640
200689
431131
183405
1
596857
123
623934
285377
737602
35
507803
180682
300133
46825
689809
209841
623934
118113
785591
32
35341
8693
315529
12801
360709
292
451009
718106
706640
573805
393
781181
537217
103
436
453977
546105
12801
422337
895593
314
134
43
183691
900147
764221
431131
621457
570113
97
728837
343317
183
829633
358
166
392735
233057
438952
635406
941681
18993
749889
185877
36
257
602967
82993
282945
504865
906102
325
305
260
757321
129
324
179561
72033
722263
836707
849637
76
358
425857
749889
587994
983753
959257
859141
749889
321025
439
329
179561
174
339857
325
485
829633
476
355425
383
86405
168001
468
515317
18993
296
260
550935
576801
740929
75649
443841
481050
488169
495121
46825
865913
422901
943745
83234
250251
707089
300133
245605
800983
425857
906102
49
394
381
900147
479153
186313
960929
586721
21409
941681
495
280505
392735
196857
343374
570113
735785
859141
168273
136
756045
323329
179561
262
484
8693
482
314633
128
318305
954845
246465
334065
475
451009
469175
991725
519715
462941
232
357998
321025
111
152221
806217
994073
787713
351200
565134
49
899873
183691
318305
419
328
550935
584577
203
949945
362220
401
180682
142
428
839081
845145
462941
81905
451009
279737
931473
555617
296
828529
761081
262377
26999
238977
86405
56
379671
67
362220
157346
602967
988697
250251
43
577
668145
45963
282814
901263
823681
621457
422721
203122
120
926225
204
180682
528
507803
420637
127
399
866549
865729
26999
556753
709453
420637
168
604
783105
794273
722263
665321
723073
507803
149
898505
495
8
474695
711073
375721
758285
507803
230465
616
126
282
341049
246465
140801
425857
915809
753505
209841
461
517
288
450745
203916
663145
674113
786959
703461
577003
228
565134
764221
490555
836817
903798
273441
871809
490555
468471
408861
659
599085
419033
997251
51265
172179
184277
774405
497
575131
378
696
229441
343985
249
462
50753
749889
843649
233465
481050
91575
72181
955763
7
258249
282814
443841
587
471237
863233
168703
734937
286417
684641
824705
546105
39425
812857
343374
690153
568
543749
114401
806453
54
949671
569
119
714111
444570
549
595769
725231
529323
366037
172179
810331
593985
552541
744
573633
745169
176175
800983
746
121575
147809
163369
430273
114401
773605
818177
99079
863233
380286
466497
439883
123864
520081
636
829633
558281
196
14081
286417
775
829633
757
261248
961931
384630
887821
307309
532
83385
165976
246465
681
781
812094
118113
185877
542462
664
118113
446737
446
699889
256
796
85
196857
174919
555209
448101
722263
174919
509591
373
136
278257
321033
629951
737173
954845
76611
603
710
552541
737541
775520
289
280505
313157
56166
67969
272929
123837
628
330093
269
230417
637
443841
393
656
509130
781734
48892
269937
550935
137329
516871
72773
95
599165
935451
641870
657435
188153
247290
290
228525
185
220
26
232
645330
14
190
817
148657
464313
785197
531398
811387
670
641870
809577
626
965816
315529
692865
788097
448101
737
443203
710445
625
278257
74828
70673
190009
304001
863233
271
622
913373
448073
171649
330093
801
773605
425799
784
147809
737173
930825
610113
949
128737
949945
901913
657
534657
804
531398
67969
471
341217
150
575131
861719
465833
160445
430
36
462
343
436580
749
81985
14081
278257
90122
737541
359873
278257
518555
425799
702
238977
643441
920417
327067
471
732993
126689
96641
268
109203
638121
163369
192433
745953
685991
57
949480
379671
861719
245605
845145
248339
509
819
895309
88591
474865
384630
171
567543
519715
67969
143387
704
620
870467
967535
901
537217
592751
990641
579332
206
366037
218
909619
498
660
155457
1021
836581
422901
122179
909619
51265
611
781181
414603
974739
784638
111
374417
846105
800273
438952
1032
214512
186539
699889
907723
1012
435
999
352417
422647
906056
841421
880
224991
304241
443841
706126
920
270
48641
828529
865729
716249
948650
422
634225
333521
303560
533521
641870
76609
360985
565007
533697
575
756045
166145
645573
60111
399376
250251
903
689281
197908
861
142329
44353
418
745617
849637
474695
49198
628
125
709483
267960
964961
332379
757
409
135485
110391
763
762497
769
749441
631637
1008
394
714111
954225
568
392677
359251
659
699
794273
873
631291
489009
635697
568505
634
271
122049
347455
513733
889
718481
417
123864
517412
1008
226853
206017
341
121
694145
200689
280505
894529
896809
372841
883
286417
374417
422337
585597
389
516871
65473
323
44993
645573
478849
535593
266913
777
738445
286417
580377
488449
123579
721
71
450745
841421
862
1044
200689
935451
989
822102
195
345119
392961
511085
865729
980081
755
688
614785
1182
14
307309
539
318837
358
615969
927961
1081
329665
504125
101901
52
420637
964
443203
795
285305
555209
97
542669
176175
61
361
56865
148657
397
56166
652817
128931
978047
408257
658769
139
380286
821039
750
500261
935451
836581
474073
216687
613596
813937
230357
391297
476659
666125
877533
10
21
929
822102
294563
399925
898505
478849
312
722263
182621
387921
436580
638121
529323
752
342
556785
887821
980
330093
734937
861
431
411721
166145
878371
950
987105
411285
79297
188153
261
249
117
882977
842
665
887
1181
985
632713
481050
1123
502377
610954
286417
752
133889
797777
187
742977
893185
143387
392677
114401
585641
34450
149
76833
719
333
757429
1001
470737
468471
152823
196673
103734
800273
599329
286417
23209
110
482497
540417
610954
819361
1060
667133
730359
149252
1113
652817
244545
322526
229713
699889
805
668
505945
48429
784638
533521
672997
397651
258249
344
327067
535249
742624
183691
152823
351275
977199
62201
162353
502
974739
272
571941
442333
15
600449
606547
887725
229832
960929
528513
280
766017
359873
812793
246465
437533
933270
300673
40300
761081
460029
935451
482497
1093
341049
690153
384699
249241
380172
437533
529323
872885
267960
1338
161831
89192
45273
846607
470737
579332
817433
627769
168273
594
425799
918654
732993
564041
129
185653
638121
70143
606589
60
397
707089
442333
924289
982
455
744745
460461
652817
438617
398947
613099
53343
9109
105353
392796
826433
990641
927773
984901
971225
383687
555209
921677
629325
925697
109203
131690
687
464
151
431
343
98
35465
149252
315855
535249
714493
698483
500261
375721
875541
248551
320517
1385
83385
341
453201
729465
73281
314633
83234
215113
57876
600449
43454
957873
872885
29241
816
576637
541
290945
237457
555209
634053
263
568505
1252
873
900785
590337
391297
725231
216687
893679
277477
1243
423
108993
517412
570113
307699
602073
410
585641
249241
399376
620537
179561
343374
989565
614785
1200
397651
530065
770643
321033
238977
647105
140497
575
619729
978047
377
610
742
912
179561
500443
937
955763
599165
943
698232
24433
839081
686263
602967
1349
977
547
852737
961121
525357
1033
936513
702841
907873
980081
230077
548121
784638
346279
586721
339857
419066
1505
499
280505
137045
788097
298604
793169
1374
684665
813
215113
433241
255
625939
98037
872089
219132
405713
56166
380286
529
641918
718481
105
160445
272485
667
555209
113789
1088
224991
504125
787713
800273
365025
23
1085
334
110716
737541
977874
425799
956025
309
861719
186539
855149
418170
610
1444
846105
219132
784638
1441
854737
570003
459
1574
153815
702841
491809
626161
21357
734937
403191
609713
200033
184630
75809
33
96641
933270
824705
519715
305
294563
185041
425153
43454
510201
94265
184
300273
205600
531783
458080
952377
404261
610954
726
724673
17121
335296
1619
861633
933270
900785
955
699601
840017
114401
968583
237457
745617
1060
861921
73
292
35465
293
590337
826
1014
656960
105353
728837
280033
184417
612813
113789
262377
1465
78499
643735
8693
533697
67159
788097
431131
62201
172429
451793
255041
840017
960929
526993
336
174919
81985
344673
200033
552541
874009
342225
1357
722961
530345
491
465
1393
49198
622849
497033
1321
728837
295425
1398
94265
103
579332
929801
450745
590337
935081
839
455519
347649
614
873325
618553
12769
305
603553
509897
154925
290361
631619
106435
994775
913659
555209
751297
866
548
696
461009
382397
388
1439
880705
809230
565885
411721
999617
623130
595769
1579
110391
42887
352513
1233
869485
970
812857
146189
886181
1561
789017
825921
194209
434887
1313
207906
437
542462
1220
267960
840017
676
724001
310195
298604
800273
174919
938625
870669
913659
558774
477
102
895751
573921
1101
155457
923437
911
1128
672
897265
34450
384699
763
516871
138369
32
712289
948357
461
193403
872089
185067
25
906215
983169
362
405
38089
402523
476
384699
557229
895593
544049
990641
911197
134625
767
484819
1
940073
556753
320009
123864
246959
580
1610
643735
340953
36889
88321
81
543749
804552
190
838619
157346
1825
535593
1549
523842
1238
598
852737
464313
188153
628977
1541
169573
579332
852737
184277
503749
388085
430
1621
694145
1685
810331
451009
842753
915809
563881
11937
856
455153
1083
81985
615227
517855
871809
106819
1311
565885
1174
54977
1068
864447
548121
571941
1515
419867
345633
795196
1035
985537
148657
128455
304
859141
366037
972385
282814
500261
138369
437
770313
875541
1036
147809
131485
556753
119493
1215
418170
850473
511121
767145
173745
166145
479781
573921
538861
649002
909
295301
673
448101
808911
163105
114
324448
357998
483404
139585
1318
645573
695
658
479
230829
1185
166145
731
570113
766017
161
1561
906102
474865
626161
859041
527
839809
890
861921
198
562225
893185
1328
970540
1609
143942
819
268018
589145
838619
484003
140801
678193
1491
872089
175035
763521
408
63909
907723
1713
321507
1578
961121
949671
983157
657435
557027
58881
829953
149252
453
548045
128455
679101
200033
817914
44993
556785
758285
1297
88321
878197
54
821039
495001
904011
225185
883145
726
829633
443
154925
521841
515762
796265
257
295
674
255041
1400
250251
25937
147305
409
557993
1384
732805
15681
520489
595769
471237
898505
1661
305677
1536
185067
436580
1446
723393
161643
642821
861633
913373
818177
841421
683583
921655
967041
1672
903798
686263
755
1282
468653
701097
830529
513633
82993
438653
327067
800273
666125
848
689281
1224
338525
642821
434887
597
916385
842753
1290
906102
980081
308
1536
688897
863233
183
907154
1853
751617
1744
610517
710445
689
968
245605
834771
391297
1818
1518
27875
413737
308
360
1467
272485
1955
829585
157346
570003
838619
999617
929
930097
181883
241
793657
313
590717
323329
126689
824871
75809
551809
706
773605
839965
195821
288769
896809
183691
1479
775520
143576
349371
220449
971225
806037
989565
517777
346619
1
484
571777
70143
1
318837
575587
775099
356673
360330
566081
567961
694145
77227
496545
630649
906215
165693
506313
272
1841
265945
836861
470205
363737
533521
822569
138753
185569
1334
500261
129827
1109
123579
617666
58881
230209
2098
566
648863
387
924619
575131
717453
329665
184417
1682
296257
817137
431131
980696
423621
179673
933316
993621
651693
510201
500
728113
488841
382257
817
608441
592001
927057
104863
9985
151025
238977
763521
1748
985537
243
137647
193403
293665
140497
374417
738335
918225
220641
1395
595769
553313
30
700
1301
106767
382513
906215
572633
922
925
839
96641
203801
561237
343097
1352
189835
610517
20451
517777
778483
349371
3217
621
931473
383687
461241
2027
901439
590717
1098
622042
282814
238481
989565
756417
593971
631
623564
487
341
157697
980081
869657
299035
973737
567
619473
292257
312696
130000
1419
826145
486873
391297
152823
1836
277
872675
377959
205
220840
1601
65473
1396
177141
513733
260481
459827
891531
740
808129
149249
364
391297
1226
297161
661529
860010
730359
531089
460461
672155
255065
836261
536553
704849
863553
113789
204505
746309
200329
402177
1047
464631
251553
206244
244987
344673
633021
397953
1193
192433
514721
781569
1802
946409
1092
1939
918225
452
285625
466497
229441
917
839809
289445
269
2012
1570
88801
868705
92001
434887
539
550935
635869
338727
940073
784352
587681
989185
959257
647105
2295
910
976753
664257
320382
979239
797661
253297
573704
931801
1968
701097
63909
1218
898
889393
60989
401253
802173
742624
914
837437
295761
65811
884457
288058
538861
1292
492137
345119
1116
284225
965816
604637
800273
810331
913969
206529
502219
223665
941377
780273
554545
626161
524
2300
792750
222
1738
351334
1
140
340953
1590
2003
557993
1257
1785
275869
771137
1989
2194
1892
964961
205407
212999
707089
301595
576801
874753
821023
13185
307309
881371
763521
569
808
649329
457819
1992
219
361
1716
656
1123
1177
874677
803085
931
700225
389915
344673
545
710445
781329
879811
872675
1326
724001
313187
349025
581297
450369
2288
921257
991009
969409
704849
545
827971
311
914913
328993
781181
232471
195313
708287
785591
468273
399376
545457
353553
1413
2029
966463
327645
211809
900
2214
148199
2368
1046
663047
823345
384489
686573
2063
512417
2005
1964
723393
54
266913
1944
352417
989185
116433
787025
577977
666125
893893
1187
358481
907723
518555
608441
585261
1257
1548
628977
663125
287585
924035
355631
1283
346619
2477
517340
1849
431881
810755
513741
872587
387443
761985
2154
68523
623130
672001
836261
893185
465881
843581
718465
2512
379077
52569
469738
726796
325893
640285
505
920899
853153
864
134939
612813
1161
961121
839965
546105
1679
394453
44993
1174
1558
1982
208257
836
44545
439777
914813
9985
664577
85905
225217
2352
528
915809
336765
136283
363885
438
662925
22597
732645
491937
986477
1669
692316
759377
185569
988419
212999
1445
921
934753
380088
478849
716
609332
2356
617593
773666
321033
153281
66361
500261
42887
878197
565134
234
897
820161
309426
1006
25463
1347
490769
804441
979239
469256
880505
414392
137901
804552
586637
985537
855425
738581
74828
1391
115943
1595
2193
1015
572911
400
343489
586637
2392
42887
82993
1999
1086
246465
261248
1920
500897
438856
636041
198037
884457
600449
1292
362561
427321
232969
468273
588505
768
643735
163369
929
562097
285733
744261
139585
167
533369
942453
897265
2199
2569
445681
914
108109
153281
411895
107993
206529
388085
704269
731988
509206
672
216919
771570
325893
938625
868705
1133
394737
168273
346619
241675
501613
95527
576153
959257
879837
612379
830
885757
854737
678901
125534
56501
1713
1604
538001
348
292257
101
132081
594705
1410
939693
331
304001
170890
640
467361
299035
797661
464809
824
271501
1511
824871
836545
394453
123864
141
85029
131485
808911
1414
457819
609503
526337
1540
651225
1813
2511
761481
904011
1060
789
403
1111
925976
612379
147105
674113
789277
666113
569973
891531
196245
326593
910699
693
964453
652257
488841
1215
161831
649329
1715
772323
906
966777
74209
1066
1720
184277
502222
85273
900
942873
302033
512417
67159
973
1007
340
950445
761601
405233
624295
2160
911601
402771
64541
173745
452814
570113
228
358697
186473
667417
749441
325893
347455
286417
587
1004
819271
1382
918529
2607
643484
62201
179673
584
958105
17929
553313
111067
87041
583
143942
1828
128581
377959
265011
2315
29437
226031
707089
842753
1624
2622
556785
310771
214
102041
68
1779
641953
2597
812
378
131690
490769
1809
40300
591405
169
833309
193
1227
604637
47133
569081
215833
369237
123337
936533
738335
562097
414392
452425
506965
277251
111269
2115
672997
2371
931473
114401
933561
237457
521841
444
2300
613661
481121
559121
1514
273301
856390
860010
601
1062
1058
720
913373
1969
986417
291177
591281
132065
930825
630213
1120
1826
129281
2445
673415
1346
99079
969409
1069
761397
797777
681015
242822
2719
1051
804389
570003
114487
378
248765
458241
822523
1178
2272
1384
117905
306
2402
732993
370540
105353
2806
725231
259025
639153
609953
334395
102962
631619
950445
787485
776549
160133
844631
357945
427321
597032
145969
804552
313117
271501
415635
884169
623934
235861
77377
321507
484545
90100
601
660495
584436
91553
141569
861007
557783
689809
792752
572977
677725
492017
1630
408257
557783
291449
8
678193
940693
2791
2177
745617
2528
284225
654421
1408
82009
1448
88321
850885
23
208257
122207
518209
959845
815809
173745
815721
155457
787713
913659
1251
267489
629391
2720
197970
738335
843
809729
128311
2601
1963
2970
729
878197
675474
827249
137089
126638
279549
595393
25
2188
932089
617593
369237
927773
69713
691297
170283
798721
283
225359
822755
704849
830529
404866
140
392969
402523
471
803271
821379
806217
1601
476801
443203
5345
972313
249601
952377
2234
145033
2705
375721
597
400449
913
330361
261248
854657
933013
618553
460695
136985
566113
384699
1379
860
852437
1346
719409
895309
1574
82993
630697
619237
1194
15521
606833
20451
47133
977199
447969
19021
1002
801369
202
802173
981329
123917
393031
1418
111067
28385
694085
43454
868049
409517
974785
395409
980696
82009
402523
560545
968583
419011
43081
856390
736915
779121
66361
107149
953849
2623
628
871799
811569
2487
136
64541
513633
151919
268373
869195
632281
918225
631867
884593
588127
675169
106533
718709
160
434887
261445
350203
220477
718465
107993
507803
2552
687265
741997
1555
1416
402523
687265
571441
388773
627769
936533
887339
679357
56065
1244
2110
3032
646807
647158
79583
132833
153609
874945
683489
83631
1207
332193
791489
320009
80545
800273
989537
774241
867222
50705
134517
287585
992484
2676
835366
653997
885691
2223
891
2269
350203
577706
926109
367713
964961
217089
794
102962
704849
735617
602393
343
1398
764471
362561
223993
2318
416
64
918529
627115
817914
165693
986477
820
484915
392005
2649
649683
964
341217
817785
231205
802173
940693
890101
986
745169
142527
947143
2929
667133
1605
538
2073
2215
275869
624822
690135
963743
918469
2
168273
1900
927057
1405
315267
3089
343097
402771
161643
549889
2919
318811
595169
936533
742723
686263
427065
296577
632713
160133
979239
1307
422647
562021
827
803085
335925
29437
511121
108481
933
920397
403580
255
929985
1754
69
458977
2037
448
52097
817785
98037
405713
2184
817914
1970
963561
672001
272485
541575
642369
911601
897157
2151
480575
403580
212999
53369
174947
85421
836545
147
740
746
529323
200329
501613
2295
411895
23801
271583
962
345633
1043
1186
645573
178300
1746
585261
2248
2356
455
458397
221089
500773
455
269041
501613
329665
87
273377
1025
935073
44545
1396
148065
641918
84529
518871
1994
699345
145425
62201
653997
304241
612707
812609
871799
565007
226561
991681
580448
267443
809489
2373
136
847
508701
77227
2113
263045
664257
454118
725727
259675
541575
142349
180573
3145
1272
500261
588981
185067
990654
116
701097
987515
909449
26561
159800
2977
64773
788113
1951
447553
753217
687297
531089
798329
376
580448
316471
241675
440242
808225
974309
428457
742913
285625
1124
496809
364
445681
2252
800119
470737
438653
199857
199857
599149
689809
146873
205729
988893
229541
31233
346831
28494
845819
614785
256001
258086
20214
502577
1124
618553
461157
668837
35969
365906
452425
177217
865233
660495
582651
515921
484
41549
716033
593361
55235
683225
904023
650885
700225
721855
877797
312037
1531
996401
993342
2369
851013
815809
661
883785
155105
156149
628977
602967
641870
954845
300
32687
444570
3409
861633
692316
79583
449206
371913
420045
972681
381655
360961
212999
157
179285
2864
769502
578263
600
165693
694881
1110
305009
337
3263
828
833841
65811
725231
548045
58881
128185
876786
2618
2614
116433
488841
404970
367713
796066
641870
622042
941681
927451
131690
1282
73825
275329
572977
803681
631291
327
2032
3493
241675
737169
246669
976929
546685
636237
253136
125767
19025
430817
968
40101
855425
898505
80953
415937
816162
3278
650729
907154
3336
832
887
392969
2419
55235
105629
927831
638121
768091
785553
99079
261445
11489
2454
808001
141845
913373
978689
615041
201608
289445
467034
1543
810331
515645
616441
493329
123864
209993
3198
302033
1810
707777
191
661617
253136
586637
1889
551698
326857
370753
2370
395
227057
158745
967761
66909
1262
692558
703461
3575
735917
609297
584841
891191
426089
958745
515645
355129
931801
336993
3039
2640
957648
370785
346985
248929
822471
2054
857249
409616
840
199
853703
921837
930183
520489
24769
411285
1401
12769
324859
314
682978
448217
520081
198463
243489
373889
42321
262045
723717
829585
3549
305003
153710
991681
491467
225359
744806
3350
583
103734
712727
539193
47437
699601
1123
349887
123917
2005
2911
448561
993556
173745
679785
998841
927451
53369
2764
3402
640285
1955
3315
736641
1049
2069
2766
942
808001
921655
924187
811569
692558
295301
303560
284774
3052
971867
1994
866357
2691
2472
243
532
765453
143576
85029
405502
307769
790327
868705
343757
469569
72793
3271
1588
216269
3025
539729
663313
599329
977773
937811
1877
485051
2169
453393
624385
3690
341803
190009
349377
926457
803271
789601
527228
999617
115329
1679
431985
619473
406503
3313
255065
786789
641918
681682
777751
473038
650885
117537
1836
3299
669897
2928
900513
156250
3014
594337
475789
392735
453201
815505
117809
513633
1429
533633
2734
749013
842137
622661
704821
155299
758285
3309
1778
586
18
2650
917421
820149
42887
565007
430641
790765
2637
905225
3581
275869
64541
2152
977773
262045
101697
781167
907154
959753
852437
939981
2763
305003
187137
3731
284154
665697
207906
846805
1903
233571
336857
769109
1464
3035
572401
310771
371348
979239
409616
739026
196673
642445
290361
3473
569753
515921
971225
457659
916883
2054
534758
3369
179285
2311
574717
737581
220449
2348
178300
169473
285305
327
323413
625939
829953
388829
1220
325893
257225
51265
670189
105857
829953
581297
827837
52569
200329
124033
3478
925553
433801
431364
453777
383
163804
2288
209937
787713
928657
185653
673305
3595
603039
775
109791
3711
561237
95425
235041
235861
2691
661617
530065
348913
2566
667301
918654
892553
328203
920397
238977
293893
477941
981
995845
671575
227899
898505
291977
2293
305277
339857
134517
388085
191249
813937
389915
317505
239751
864401
56865
224929
1580
903485
747517
224337
3065
880933
319601
296473
505729
3081
473038
1694
664783
2644
5825
221357
429492
3171
530065
1091
509032
1355
653027
1848
3140
751747
947074
102041
460125
976753
898505
231205
363649
1401
327645
593585
332193
2292
405502
527641
651
705593
484545
869435
1273
677313
636871
3918
185569
665458
760513
147695
152823
576313
725727
565885
111269
726
24400
787025
697601
45441
781167
2792
535249
866795
1460
553917
677313
28494
869485
815505
879837
342225
356061
2936
